53
0
-91
0
313
500
313
0
-91
0
52
0
0
0
0
0
0
0
0
0
0
0
0
0
0
0
0
0
0
0
0
0
53
106
68
30
305
1080
2168
3256
4253
5250
6299
7348
8397
9446
10495
11544
12593
13642
14691
15740
16789
17838
18887
19936
20985
22034
23083
24132
25181
26230
27279
28328
29377
30426
31475
32524
-31963
-30914
-29865
-28816
-27767
-26718
-25669
-24620
-23571
-22522
-21473
-20424
-19375
-18326
-17277
-16228
-15179
-14130
-13081
-12032
-10983
-9934
-8885
-7836
-6787
-5738
-4689
-3640
-2591
-1542
-493
556
1605
2654
3703
4752
5801
6850
7899
8948
9997
11046
12095
13144
14193
15242
16291
17340
18389
19438
20487
21536
22585
23634
24683
25732
26781
27830
28879
29928
30977
32026
-32461
-31412
-30363
-29314
-28265
-27216
-26167
-25118
-24069
-23020
-21971
-20922
-19873
-18824
-17775
-16726
-15677
-14628
-13579
-12530
-11481
-10432
-9383
-8334
-7285
-6236
-5187
-4138
-3089
-2040
-991
58
1107
2156
3205
4254
5303
6352
7401
8450
9499
10548
11597
12646
13695
14744
15793
16842
17891
18940
19989
21038
22087
23136
24185
25234
26283
27332
28381
29430
30479
31528
32577
-31910
-30861
-29812
-28763
-27714
-26665
-25616
-24567
-23518
-22469
-21420
-20371
-19322
-18273
-17224
-16175
-15126
-14077
-13028
-11979
-10930
-9881
-8832
-7783
-6734
-5685
-4636
-3587
-2538
-1489
-440
609
1658
2707
3756
4805
5854
6903
7952
9001
10050
11099
12148
13197
14246
15295
16344
17393
18442
19491
20540
21589
22638
23687
24736
25785
26834
27883
28932
29981
31030
32079
-32408
